Lexeme List: 
lexeme token type
      const 3
          a 1
         := 18
          3 2
          ; 20
        var 4
          b 1
          ; 20
      begin 7
        def 16
          b 1
         := 18
          a 1
          + 29
          2 2
          * 30
          5 2
          - 19
          ( 32
         28 2
          / 31
          4 2
          ) 33
          ; 20
      write 15
          ( 32
          b 1
          ) 33
          ; 20
         if 9
          3 2
          > 27
          5 2
       then 10
      write 15
          3 2
          ; 20
         if 9
          3 2
         >= 28
          5 2
       then 10
      write 15
          7 2
       else 11
      write 15
          9 2
          ; 20
         if 9
          3 2
         == 23
          5 2
       then 10
      write 15
          1 2
          ; 20
         if 9
          5 2
          < 25
          3 2
       then 10
      write 15
         11 2
          ; 20
         if 9
          5 2
         <= 26
          3 2
       then 10
      write 15
         10 2
          ; 20
        def 16
          b 1
         := 18
          4 2
          ; 20
      while 12
          b 1
         <> 24
          a 1
         do 13
        def 16
          b 1
         := 18
          b 1
          - 19
          1 2
          ; 20
        end 8
          . 17
Assembly Code:
Line OP Code OP Name L M
0 7 JMP 0 3
1 6 INC 0 4
2 1 LIT 0 3
3 1 LIT 0 2
4 1 LIT 0 5
5 2 MUL 0 3
6 2 ADD 0 1
7 1 LIT 0 28
8 1 LIT 0 4
9 2 DIV 0 4
10 2 SUB 0 2
11 4 STO 0 3
12 3 LOD 0 3
13 9 WRT 0 1
14 1 LIT 0 3
15 1 LIT 0 5
16 2 GTR 0 9
17 8 JPC 0 60
18 1 LIT 0 3
19 9 WRT 0 1
20 1 LIT 0 3
21 1 LIT 0 5
22 2 GEQ 0 10
23 8 JPC 0 81
24 1 LIT 0 7
25 9 WRT 0 1
26 7 JMP 0 87
27 1 LIT 0 9
28 9 WRT 0 1
29 1 LIT 0 3
30 1 LIT 0 5
31 2 EQL 0 5
32 8 JPC 0 105
33 1 LIT 0 1
34 9 WRT 0 1
35 1 LIT 0 5
36 1 LIT 0 3
37 2 LSS 0 7
38 8 JPC 0 123
39 1 LIT 0 11
40 9 WRT 0 1
41 1 LIT 0 5
42 1 LIT 0 3
43 2 LEQ 0 8
44 8 JPC 0 141
45 1 LIT 0 10
46 9 WRT 0 1
47 1 LIT 0 4
48 4 STO 0 3
49 3 LOD 0 3
50 1 LIT 0 3
51 2 NEQ 0 6
52 8 JPC 0 174
53 3 LOD 0 3
54 1 LIT 0 1
55 2 SUB 0 2
56 4 STO 0 3
57 7 JMP 0 147
58 9 HLT 0 3
Symbol Table:
Kind | Name        | Value | Level | Address | Mark
---------------------------------------------------
   3 |        main |     0 |     0 |     3 |     1
   1 |           a |     3 |     0 |     0 |     1
   2 |           b |     0 |     0 |     3 |     1
VM Exectution:
PC BP SP stack
Initial Values: 0 177 176
0 JMP 0 3 3 177 176
1 INC 0 4 6 177 180 0 0 0 0 
2 LIT 0 3 9 177 181 0 0 0 0 3 
3 LIT 0 2 12 177 182 0 0 0 0 3 2 
4 LIT 0 5 15 177 183 0 0 0 0 3 2 5 
5 MUL 0 3 18 177 182 0 0 0 0 3 10 
6 ADD 0 1 21 177 181 0 0 0 0 13 
7 LIT 0 28 24 177 182 0 0 0 0 13 28 
8 LIT 0 4 27 177 183 0 0 0 0 13 28 4 
9 DIV 0 4 30 177 182 0 0 0 0 13 7 
10 SUB 0 2 33 177 181 0 0 0 0 6 
11 STO 0 3 36 177 180 0 0 0 6 
12 LOD 0 3 39 177 181 0 0 0 6 6 
13 WRT 0 1
Output : 6
42 177 180 0 0 0 6 
14 LIT 0 3 45 177 181 0 0 0 6 3 
15 LIT 0 5 48 177 182 0 0 0 6 3 5 
16 GTR 0 9 51 177 181 0 0 0 6 0 
17 JPC 0 60 60 177 180 0 0 0 6 
20 LIT 0 3 63 177 181 0 0 0 6 3 
21 LIT 0 5 66 177 182 0 0 0 6 3 5 
22 GEQ 0 10 69 177 181 0 0 0 6 0 
23 JPC 0 81 81 177 180 0 0 0 6 
27 LIT 0 9 84 177 181 0 0 0 6 9 
28 WRT 0 1
Output : 9
87 177 180 0 0 0 6 
29 LIT 0 3 90 177 181 0 0 0 6 3 
30 LIT 0 5 93 177 182 0 0 0 6 3 5 
31 EQL 0 5 96 177 181 0 0 0 6 0 
32 JPC 0 105 105 177 180 0 0 0 6 
35 LIT 0 5 108 177 181 0 0 0 6 5 
36 LIT 0 3 111 177 182 0 0 0 6 5 3 
37 LSS 0 7 114 177 181 0 0 0 6 0 
38 JPC 0 123 123 177 180 0 0 0 6 
41 LIT 0 5 126 177 181 0 0 0 6 5 
42 LIT 0 3 129 177 182 0 0 0 6 5 3 
43 LEQ 0 8 132 177 181 0 0 0 6 0 
44 JPC 0 141 141 177 180 0 0 0 6 
47 LIT 0 4 144 177 181 0 0 0 6 4 
48 STO 0 3 147 177 180 0 0 0 4 
49 LOD 0 3 150 177 181 0 0 0 4 4 
50 LIT 0 3 153 177 182 0 0 0 4 4 3 
51 NEQ 0 6 156 177 181 0 0 0 4 1 
52 JPC 0 174 159 177 180 0 0 0 4 
53 LOD 0 3 162 177 181 0 0 0 4 4 
54 LIT 0 1 165 177 182 0 0 0 4 4 1 
55 SUB 0 2 168 177 181 0 0 0 4 3 
56 STO 0 3 171 177 180 0 0 0 3 
57 JMP 0 147 147 177 180 0 0 0 3 
49 LOD 0 3 150 177 181 0 0 0 3 3 
50 LIT 0 3 153 177 182 0 0 0 3 3 3 
51 NEQ 0 6 156 177 181 0 0 0 3 0 
52 JPC 0 174 174 177 180 0 0 0 3 
58 HLT 0 3 177 177 180 0 0 0 3